1.91275384380883
1.83982848163696
1.76455604011463
1.66573234154681
1.56412818077385
1.46170467581617
1.3655470793923
1.28535976473805
1.22117048060676
1.17642000667309
1.14724781001443
1.13284114189228
1.12788954750237
1.1306792238032
1.13747642303562
1.14740989832721
1.15728366720163
1.16475522214166
1.16696752020309
1.1603199601435
1.14329759736362
1.11834327777536
1.08496047738484
1.04196133957766
0.986321912130929
0.917101527222217
0.835723097153493
0.741890214424476
0.635086888688588
0.516509805881975
0.391275392347061
0.259693360528604
0.125309398346249
-0.0124369299865615
-0.156664165464354
-0.301088135361098
-0.443117455942459
-0.579489644521962
-0.707218482983323
-0.82819787811192
-0.939905821429599
-1.04347552091583
-1.13826884485395
-1.22356312452567
-1.29613138027083
-1.35946396123458
-1.41241176873412
-1.45672732228083
-1.49245361490455
-1.52038105465461
-1.5392586782861
-1.55038883139088
-1.5532827300026
-1.5481745980555
-1.53532988445055
-1.51527929158034
-1.49428028336794
-1.47162413928712
-1.44550034189324
-1.4140186446697
-1.37737474049663
-1.33467934893323
-1.28640368631436
-1.23286017304889
-1.17779796985572
-1.12073180140504
-1.06000235770275
-0.9991165069292
-0.935795530500613
-0.870620257811692
-0.804268311913597
-0.736396184311183
-0.671819040105792
-0.609711547724831
-0.550404195567983
-0.496321996520738
-0.445868917792906
-0.400627994148661
-0.361720814660749
-0.326559024642572
-0.291927608922525
-0.25948383031202
-0.224354489514885
-0.186926805275017
-0.147377818671241
-0.106301208904105
-0.066619508052449
-0.0316176845384864
-0.00502764575836338
0.0137355324303992
0.0295127135657183
0.0391702727611822
0.049604189199737
0.0629720907776522
0.0787325942506936
0.098253059629935
0.116468958141669
0.131494054578667
0.140855548869742
0.142436070496067
0.140674354710498
0.136143273281983
0.128807393139329
0.122344131873998
0.117386155134206
0.118010709376891
0.127907267480873
0.145048632902657
0.172608805474965
0.206757111874653
0.247203331055729
0.292512793735477
0.340140400214411
0.389003129498201
0.439272489267911
0.490077486193176
0.540302704155094
0.586184173540185
0.624318666055251
0.652425828486849
0.666375144131356
0.667049902649196
0.651772754939056
0.621523953882924
0.573771937699787
0.511464033169456
0.434438389736612
0.343882105954293
0.242405239037738
0.134324077139138
0.0208501161246631
-0.0950502537657945
-0.213635236658761
-0.334192308551371
-0.454499879135561
-0.573769866827639
-0.690312335191869
-0.801611322228274
-0.907976508552454
-1.00482442650702
-1.09258545915421
-1.16745429358957
-1.2321708333684
-1.28782089014202
-1.3312275937667
-1.36568589817796
-1.38946233430546
-1.40411619213691
-1.40896977564572
-1.40188814913797
-1.38437610916935
-1.35823701217345
-1.32400182668079
-1.28297365566014
-1.2345569452174
-1.17781046129768
-1.11346521481711
-1.04129392399305
-0.962117913436924
-0.878328057862274
-0.791410315511139
-0.701479094391898
-0.612158054561144
-0.524027564977785
-0.43701418823804
-0.352389075553846
-0.268899753855987
-0.187609589078217
-0.107955794254496
-0.0285611970036465
0.0490469548144185
0.127475781302022
0.203363591965495
0.277945032972987
0.352389122001594
0.424234243379107
0.496306901945522
0.567475373713922
0.643030490941535
0.71914725152672
0.798320044357654
0.879839422352219
0.96883030440068
1.06281058626662
1.16003786167326
1.26196023186636
1.36066917460878
1.45716009904623
1.54809065845264
1.62890135157978
1.70207602358494
1.7615683091777
1.81245912138164
1.85967622257833
1.89857287630888
1.93426121928801
1.95021439793431
1.96151082312857
1.93440611952141
1.90522206718756
